              precision    recall  f1-score   support

           A     1.0000    1.0000    1.0000       331
           B     1.0000    1.0000    1.0000       432
           C     1.0000    1.0000    1.0000       310
           D     1.0000    1.0000    1.0000       245
           E     0.9308    1.0000    0.9642       498
           F     1.0000    1.0000    1.0000       247
           G     0.9408    0.9138    0.9271       348
           H     0.9519    0.9541    0.9530       436
           I     1.0000    1.0000    1.0000       288
           K     1.0000    0.9366    0.9672       331
           L     1.0000    1.0000    1.0000       209
           M     1.0000    0.9594    0.9793       394
           N     1.0000    1.0000    1.0000       291
           O     1.0000    1.0000    1.0000       246
           P     1.0000    0.9971    0.9986       347
           Q     0.9939    1.0000    0.9970       164
           R     0.9847    0.8958    0.9382       144
           S     0.9146    0.9146    0.9146       246
           T     0.9469    0.9355    0.9412       248
           U     1.0000    0.9925    0.9962       266
           V     0.9584    1.0000    0.9788       346
           W     1.0000    1.0000    1.0000       206
           X     0.9570    1.0000    0.9780       267
           Y     1.0000    1.0000    1.0000       332

    accuracy                         0.9802      7172
   macro avg     0.9825    0.9791    0.9806      7172
weighted avg     0.9806    0.9802    0.9801      7172
