              precision    recall  f1-score   support

           A     1.0000    1.0000    1.0000       331
           B     1.0000    0.9514    0.9751       432
           C     1.0000    1.0000    1.0000       310
           D     1.0000    1.0000    1.0000       245
           E     1.0000    1.0000    1.0000       498
           F     1.0000    1.0000    1.0000       247
           G     0.9427    0.9454    0.9440       348
           H     0.9563    0.9541    0.9552       436
           I     1.0000    1.0000    1.0000       288
           K     0.9403    1.0000    0.9693       331
           L     1.0000    1.0000    1.0000       209
           M     0.9563    1.0000    0.9777       394
           N     1.0000    0.8729    0.9321       291
           O     1.0000    1.0000    1.0000       246
           P     1.0000    0.9510    0.9749       347
           Q     0.9061    1.0000    0.9507       164
           R     1.0000    1.0000    1.0000       144
           S     1.0000    1.0000    1.0000       246
           T     1.0000    0.9153    0.9558       248
           U     0.9333    1.0000    0.9655       266
           V     1.0000    1.0000    1.0000       346
           W     1.0000    1.0000    1.0000       206
           X     0.9271    1.0000    0.9622       267
           Y     1.0000    1.0000    1.0000       332

    accuracy                         0.9812      7172
   macro avg     0.9818    0.9829    0.9818      7172
weighted avg     0.9821    0.9812    0.9811      7172
