              precision    recall  f1-score   support

           A     0.9410    0.9637    0.9522       331
           B     0.9924    0.9051    0.9467       432
           C     0.8525    0.9323    0.8906       310
           D     0.9839    0.7469    0.8492       245
           E     0.8817    0.9880    0.9318       498
           F     0.9040    0.9150    0.9095       247
           G     0.9256    0.8218    0.8706       348
           H     0.9464    0.8509    0.8961       436
           I     0.9064    0.8403    0.8721       288
           K     0.8949    0.7976    0.8435       331
           L     0.7759    0.8947    0.8311       209
           M     0.8178    0.9340    0.8720       394
           N     0.7961    0.5636    0.6600       291
           O     1.0000    1.0000    1.0000       246
           P     0.9939    0.9395    0.9659       347
           Q     0.5353    0.8780    0.6651       164
           R     0.6860    0.9861    0.8091       144
           S     0.7130    0.6463    0.6780       246
           T     0.6916    0.5968    0.6407       248
           U     0.6192    0.8008    0.6984       266
           V     0.8862    0.8555    0.8706       346
           W     0.7523    0.8107    0.7804       206
           X     0.7414    0.8914    0.8095       267
           Y     0.8908    0.6386    0.7439       332

    accuracy                         0.8468      7172
   macro avg     0.8387    0.8416    0.8328      7172
weighted avg     0.8589    0.8468    0.8469      7172
