              precision    recall  f1-score   support

           A     0.9940    1.0000    0.9970       331
           B     1.0000    1.0000    1.0000       432
           C     1.0000    1.0000    1.0000       310
           D     1.0000    0.9837    0.9918       245
           E     1.0000    0.9739    0.9868       498
           F     0.9880    1.0000    0.9940       247
           G     0.9589    0.9397    0.9492       348
           H     1.0000    0.9679    0.9837       436
           I     0.9727    0.9896    0.9811       288
           K     1.0000    0.9517    0.9752       331
           L     1.0000    1.0000    1.0000       209
           M     1.0000    1.0000    1.0000       394
           N     1.0000    0.9210    0.9589       291
           O     1.0000    1.0000    1.0000       246
           P     1.0000    0.9971    0.9986       347
           Q     0.9939    1.0000    0.9970       164
           R     0.9931    1.0000    0.9965       144
           S     0.9462    1.0000    0.9723       246
           T     0.9182    0.9960    0.9555       248
           U     0.9301    1.0000    0.9638       266
           V     1.0000    1.0000    1.0000       346
           W     1.0000    1.0000    1.0000       206
           X     0.9963    0.9963    0.9963       267
           Y     0.9679    1.0000    0.9837       332

    accuracy                         0.9865      7172
   macro avg     0.9858    0.9882    0.9867      7172
weighted avg     0.9871    0.9865    0.9865      7172
